0, 0.0
1, 0.0
2, 0.0
3, 0.0
4, 0.0
5, 0.0
6, 0.0
7, 0.0
8, 0.0
9, 0.0
10, 0.0
11, 0.0
12, 0.0
13, 0.0
14, 0.0
15, 0.0
16, 0.0
17, 0.0
18, 0.0
19, 0.0
20, 0.0
21, 0.0
22, 0.0
23, 0.0
24, 0.0
25, 0.0
26, 0.0
27, 0.0
28, 0.0
29, 0.0
30, 0.0
31, 0.0
32, 0.0
33, 0.0
34, 0.0
35, 0.0
36, 0.0
37, 0.0
38, 0.0
39, 0.0
40, 0.0
41, 0.0
42, 0.0
43, 0.0
44, 0.0
45, 0.0
46, 0.0
47, 0.0
48, 0.0
49, 0.0
50, 0.0
51, 0.0
52, 0.0
53, 0.0
54, 0.0
55, 0.0
56, 0.0
57, 0.0
58, 0.0
59, 0.0
60, 0.0
61, 0.0
62, 0.0
63, 0.0
64, 0.0
65, 0.0
66, 0.0
67, 0.0
68, 0.0
69, 0.0
70, 0.0
71, 0.0
72, 0.0
73, 0.0
74, 0.0
75, 0.0
76, 0.0
77, 0.0
78, 0.0
79, 0.0
80, 0.0
81, 0.0
82, 0.0
83, 0.0
84, 0.0
85, 0.0
86, 0.0
87, 0.0
88, 0.0
89, 0.0
90, 0.0
91, 0.0
92, 0.0
93, 0.0
94, 0.0
95, 0.0
96, 0.0
97, 0.0
98, 0.0
99, 0.0
100, 0.0
101, 0.0
102, 0.0
103, 0.0
104, 0.0
105, 0.0
106, 0.0
107, 0.0
108, 0.0
109, 0.0
110, 0.0
111, 0.0
112, 0.0
113, 0.0
114, 0.0
115, 0.0
116, 0.0
117, 0.0
118, 0.0
119, 0.0
120, 0.0
121, 0.0
122, 0.0
123, 0.0
124, 0.0
125, 0.0
126, 0.0
127, 0.0
128, 0.0
129, 0.0
130, 0.0
131, 0.0
132, 0.0
133, 0.0
134, 0.0
135, 0.0
136, 0.0
137, 0.0
138, 0.0
139, 0.0
140, 0.0
141, 0.0
142, 0.0
143, 0.0
144, 0.0
145, 0.0
146, 0.0
147, 0.0
148, 0.0
149, 0.0
150, 0.0
151, 0.0
152, 0.0
153, 0.0
154, 0.0
155, 0.0
156, 0.0
157, 0.0
158, 0.0
159, 0.0
160, 0.0
161, 0.0
162, 0.0
163, 0.0
164, 0.0
165, 0.0
166, 0.0
167, 0.0
168, 0.0
169, 0.0
170, 0.0
171, 0.0
172, 0.0
173, 0.0
174, 0.0
175, 0.0
176, 0.0
177, 0.0
178, 0.0
179, 0.0
180, 0.0
181, 0.0
182, 0.0
183, 0.0
184, 0.0
185, 0.0
186, 0.0
187, 0.0
188, 0.0
189, 0.0
190, 0.0
191, 0.0
192, 0.0
193, 0.0
194, 0.0
195, 0.0
196, 0.0
197, 0.0
198, 0.0
199, 0.0
200, 0.0
201, 0.0
202, 0.0
203, 0.0
204, 0.0
205, 0.0
206, 0.0
207, 0.0
208, 0.0
209, 0.0
210, 0.0
211, 0.0
212, 0.0
213, 0.0
214, 0.0
215, 0.0
216, 0.0
217, 0.0
218, 0.0
219, 0.0
220, 0.0
221, 0.0
222, 0.0
223, 0.0
224, 0.0
225, 0.0
226, 0.0
227, 0.0
228, 0.0
229, 0.0
230, 0.0
231, 0.0
232, 0.0
233, 0.0
234, 0.0
235, 0.0
236, 0.0
237, 0.0
238, 0.0
239, 0.0
240, 0.0
241, 0.0
242, 0.0
243, 0.0
244, 0.0
245, 0.0
246, 0.0
247, 0.0
248, 0.0
249, 0.0
250, 0.0
251, 0.0
252, 0.0
253, 0.0
254, 0.0
255, 0.0
256, 0.0
257, 0.0
258, 0.0
259, 0.0
260, 0.0
261, 0.0
262, 0.0
263, 0.0
264, 0.0
265, 0.0
266, 0.0
267, 0.0
268, 0.0
269, 0.0
270, 0.0
271, 0.0
272, 0.0
273, 0.0
274, 0.0
275, 0.0
276, 0.0
277, 0.0
278, 0.0
279, 0.0
280, 0.0
281, 0.0
282, 0.0
283, 0.0
284, 0.0
285, 0.0
286, 0.0
287, 0.0
288, 0.0
289, 0.0
290, 0.0
291, 0.0
292, 0.0
293, 0.0
294, 0.0
295, 0.0
296, 0.0
297, 0.0
298, 0.0
299, 0.0
300, 0.0
301, 0.0
302, 0.0
303, 0.0
304, 0.0
305, 0.0
306, 0.0
307, 0.0
308, 0.0
309, 0.0
310, 0.0
311, 0.0
312, 0.0
313, 0.0
314, 0.0
315, 0.0
316, 0.0
317, 0.0
318, 0.0
319, 0.0
320, 0.0
321, 0.0
322, 0.0
323, 0.0
324, 0.0
325, 0.0
326, 0.0
327, 0.0
328, 0.0
329, 0.0
330, 0.0
331, 0.0
332, 0.0
333, 0.0
334, 0.0
335, 0.0
336, 0.0
337, 0.0
338, 0.0
339, 0.0
340, 0.0
341, 0.0
342, 0.0
343, 0.0
344, 0.0
345, 0.0
346, 0.0
347, 0.0
348, 0.0
349, 0.0
350, 0.0
351, 0.0
352, 0.0
353, 0.0
354, 0.0
355, 0.0
356, 0.0
357, 0.0
358, 0.0
359, 0.0
360, 0.0
361, 0.0
362, 0.0
363, 0.0
364, 0.0
365, 0.0
366, 0.0
367, 0.0
368, 0.0
369, 0.0
370, 0.0
371, 0.0
372, 0.0
373, 0.0
374, 0.0
375, 0.0
376, 0.0
377, 0.0
378, 0.0
379, 0.0
380, 0.0
381, 0.0
382, 0.0
383, 0.0
384, 0.0
385, 0.0
386, 0.0
387, 0.0
388, 0.0
389, 0.0
390, 0.0
391, 0.0
392, 0.0
393, 0.0
394, 0.0
395, 0.0
396, 0.0
397, 0.0
398, 0.0
399, 0.0
400, 0.0
401, 0.0
402, 0.0
403, 0.0
404, 0.0
405, 0.0
406, 0.0
407, 0.0
408, 0.0
409, 0.0
410, 0.0
411, 0.0
412, 0.0
413, 0.0
414, 0.0
415, 0.0
416, 0.0
417, 0.0
418, 0.0
419, 0.0
420, 0.0
421, 0.0
422, 0.0
423, 0.0
424, 0.0
425, 0.0
426, 0.0
427, 0.0
428, 0.0
429, 0.0
430, 0.0
431, 0.0
432, 0.0
433, 0.0
434, 0.0
435, 0.0
436, 0.0
437, 0.0
438, 0.0
439, 0.0
440, 0.0
441, 0.0
442, 0.0
443, 0.0
444, 0.0
445, 0.0
446, 0.0
447, 0.0
448, 0.0
449, 0.0
450, 0.0
451, 0.0
452, 0.0
453, 0.0
454, 0.0
455, 0.0
456, 0.0
457, 0.0
458, 0.0
459, 0.0
460, 0.0
461, 0.0
462, 0.0
463, 0.0
464, 0.0
465, 0.0
466, 0.0
467, 0.0
468, 0.0
469, 0.0
470, 0.0
471, 0.0
472, 0.0
473, 0.0
474, 0.0
475, 0.0
476, 0.0
477, 0.0
478, 0.0
479, 0.0
480, 0.0
481, 0.0
482, 0.0
483, 0.0
484, 0.0
485, 0.0
486, 0.0
487, 0.0
488, 0.0
489, 0.0
490, 0.0
491, 0.0
492, 0.0
493, 0.0
494, 0.0
495, 0.0
496, 0.0
497, 0.0
498, 0.0
499, 0.0
500, 0.0
501, 0.0
502, 0.0
503, 0.0
504, 0.0
505, 0.0
506, 0.0
507, 0.0
508, 0.0
509, 0.0
510, 0.0
511, 0.0
512, 0.0
513, 0.0
514, 0.0
515, 0.0
516, 0.0
517, 0.0
518, 0.0
519, 0.0
520, 0.0
521, 0.0
522, 0.0
523, 0.0
524, 0.0
525, 0.0
526, 0.0
527, 0.0
528, 0.0
529, 0.0
530, 0.0
531, 0.0
532, 0.0
533, 0.0
534, 0.0
535, 0.0
536, 0.0
537, 0.0
538, 0.0
539, 0.0
540, 0.0
541, 0.0
542, 0.0
543, 0.0
544, 0.0
545, 0.0
546, 0.0
547, 0.0
548, 0.0
549, 0.0
550, 0.0
551, 0.0
552, 0.0
553, 0.0
554, 0.0
555, 0.0
556, 0.0
557, 0.0
558, 0.0
559, 0.0
560, 0.0
561, 0.0
562, 0.0
563, 0.0
564, 0.0
565, 0.0
566, 0.0
567, 0.0
568, 0.0
569, 0.0
570, 0.0
571, 0.0
572, 0.0
573, 0.0
574, 0.0
575, 0.0
576, 0.0
577, 0.0
578, 0.0
579, 0.0
580, 0.0
581, 0.0
582, 0.0
583, 0.0
584, 0.0
585, 0.0
586, 0.0
587, 0.0
588, 0.0
589, 0.0
590, 0.0
591, 0.0
592, 0.0
593, 0.0
594, 0.0
595, 0.0
596, 0.0
597, 0.0
598, 0.0
599, 0.0
600, 0.0
601, 0.0
602, 0.0
603, 0.0
604, 0.0
605, 0.0
606, 0.0
607, 0.0
608, 0.0
609, 0.0
610, 0.0
611, 0.0
612, 0.0
613, 0.0
614, 0.0
615, 0.0
616, 0.0
617, 0.0
618, 0.0
619, 0.0
620, 0.0
621, 0.0
622, 0.0
623, 0.0
624, 0.0
625, 0.0
626, 0.0
627, 0.0
628, 0.0
629, 0.0
630, 0.0
631, 0.0
632, 0.0
633, 0.0
634, 0.0
635, 0.0
636, 0.0
637, 0.0
638, 0.0
639, 0.0
640, 0.0
641, 0.0
642, 0.0
643, 0.0
644, 0.0
645, 0.0
646, 0.0
647, 0.0
648, 0.0
649, 0.0
650, 0.0
651, 0.0
652, 0.0
653, 0.0
654, 0.0
655, 0.0
656, 0.0
657, 0.0
658, 0.0
659, 0.0
660, 0.0
661, 0.0
662, 0.0
663, 0.0
664, 0.0
665, 0.0
666, 0.0
667, 0.0
668, 0.0
669, 0.0
670, 0.0
671, 0.0
672, 0.0
673, 0.0
674, 0.0
675, 0.0
676, 0.0
677, 0.0
678, 0.0
679, 0.0
680, 0.0
681, 0.0
682, 0.0
683, 0.0
684, 0.0
685, 0.0
686, 0.0
687, 0.0
688, 0.0
689, 0.0
690, 0.0
691, 0.0
692, 0.0
693, 0.0
694, 0.0
695, 0.0
696, 0.0
697, 0.0
698, 0.0
699, 0.0
700, 0.0
701, 0.0
702, 0.0
703, 0.0
704, 0.0
705, 0.0
706, 0.0
707, 0.0
708, 0.0
709, 0.0
710, 0.0
711, 0.0
712, 0.0
713, 0.0
714, 0.0
715, 0.0
716, 0.0
717, 0.0
718, 0.0
719, 0.0
720, 0.0
721, 0.0
722, 0.0
723, 0.0
724, 0.0
725, 0.0
726, 0.0
727, 0.0
728, 0.0
729, 0.0
730, 0.0
731, 0.0
732, 0.0
733, 0.0
734, 0.0
735, 0.0
736, 0.0
737, 0.0
738, 0.0
739, 0.0
740, 0.0
741, 0.0
742, 0.0
743, 0.0
744, 0.0
745, 0.0
746, 0.0
747, 0.0
748, 0.0
749, 0.0
750, 0.0
751, 0.0
752, 0.0
753, 0.0
754, 0.0
755, 0.0
756, 0.0
757, 0.0
758, 0.0
759, 0.0
760, 0.0
761, 0.0
762, 0.0
763, 0.0
764, 0.0
765, 0.0
766, 0.0
767, 0.0
768, 0.0
769, 0.0
770, 0.0
771, 0.0
772, 0.0
773, 0.0
774, 0.0
775, 0.0
776, 0.0
777, 0.0
778, 0.0
779, 0.0
780, 0.0
781, 0.0
782, 0.0
783, 0.0
784, 0.0
785, 0.0
786, 0.0
787, 0.0
788, 0.0
789, 0.0
790, 0.0
791, 0.0
792, 0.0
793, 0.0
794, 0.0
795, 0.0
796, 0.0
797, 0.0
798, 0.0
799, 0.0
335, 0.0227
430, 0.0242
258, 0.0243
758, 0.0252
631, 0.0253
212, 0.0263
47, 0.0265
213, 0.0267
596, 0.0269
734, 0.0269
375, 0.0271
561, 0.0272
777, 0.0276
290, 0.0277
791, 0.028
167, 0.0282
369, 0.0285
247, 0.0286
759, 0.0291
384, 0.0293
285, 0.0294
35, 0.0297
505, 0.0297
163, 0.0298
259, 0.0298
714, 0.0298
513, 0.0299
480, 0.03
688, 0.03
5, 0.0301
701, 0.0302
719, 0.0306
658, 0.0309
279, 0.031
74, 0.0316
80, 0.0316
765, 0.0316
427, 0.0318
43, 0.032
788, 0.032
622, 0.0321
197, 0.0327
549, 0.0327
768, 0.0327
168, 0.0328
626, 0.0329
22, 0.0332
108, 0.0332
545, 0.0332
473, 0.0334
539, 0.0335
435, 0.0336
257, 0.0337
431, 0.0337
390, 0.0338
405, 0.0339
785, 0.0343
724, 0.0348
173, 0.035
576, 0.0351
397, 0.0357
552, 0.0361
144, 0.0363
393, 0.0365
707, 0.0365
407, 0.0367
693, 0.0367
4, 0.0369
42, 0.0369
270, 0.0369
241, 0.037
318, 0.0379
493, 0.0379
730, 0.038
420, 0.0381
191, 0.0383
445, 0.0384
121, 0.0386
495, 0.0386
770, 0.0387
734, 0.039
653, 0.0393
621, 0.0399
306, 0.0402
401, 0.0404
741, 0.0405
235, 0.0407
186, 0.0409
322, 0.0412
326, 0.0412
449, 0.0412
17, 0.0413
560, 0.0416
767, 0.042
708, 0.0424
404, 0.0425
595, 0.0426
25, 0.0429
190, 0.0432
307, 0.0432
634, 0.0432
441, 0.0437
179, 0.044
769, 0.044
719, 0.0443
406, 0.0447
598, 0.045
109, 0.0452
12, 0.0453
137, 0.046
228, 0.046
0, 0.0461
41, 0.0461
234, 0.0462
333, 0.0462
637, 0.0464
61, 0.047
446, 0.0476
129, 0.0478
246, 0.0478
70, 0.048
162, 0.048
529, 0.0481
630, 0.0483
56, 0.0485
280, 0.0487
504, 0.0489
303, 0.0491
202, 0.0492
240, 0.0492
154, 0.0494
231, 0.0494
410, 0.0494
618, 0.0494
278, 0.0497
651, 0.0498
222, 0.0502
503, 0.0503
657, 0.0504
718, 0.0505
92, 0.051
265, 0.051
346, 0.0513
572, 0.0513
717, 0.0514
85, 0.0515
123, 0.0521
471, 0.0522
32, 0.0523
64, 0.053
319, 0.0531
586, 0.0537
608, 0.0537
519, 0.0539
767, 0.0539
117, 0.0543
7, 0.0545
275, 0.0546
787, 0.0547
179, 0.0548
262, 0.055
199, 0.0555
157, 0.0556
185, 0.0557
463, 0.0557
138, 0.0559
649, 0.0561
636, 0.0563
77, 0.0564
208, 0.0564
613, 0.0564
713, 0.0564
757, 0.0564
351, 0.0565
654, 0.0567
392, 0.057
591, 0.058
394, 0.0581
412, 0.0581
82, 0.0588
738, 0.059
677, 0.0594
681, 0.0596
318, 0.0598
25, 0.0599
113, 0.0599
195, 0.0599
57, 0.0601
287, 0.0601
437, 0.0601
135, 0.0602
782, 0.0605
758, 0.0609
223, 0.0613
562, 0.0613
292, 0.0615
479, 0.0615
96, 0.0616
659, 0.0616
700, 0.0618
556, 0.062
227, 0.0623
40, 0.0626
422, 0.0628
786, 0.0632
615, 0.0634
364, 0.0636
315, 0.0641
45, 0.0644
328, 0.0645
545, 0.0645
59, 0.0647
399, 0.0648
131, 0.0649
197, 0.0651
235, 0.0653
518, 0.0653
46, 0.0654
719, 0.0654
764, 0.0655
31, 0.0657
115, 0.0657
487, 0.0658
497, 0.0658
694, 0.0659
143, 0.066
739, 0.0663
167, 0.0667
634, 0.0667
577, 0.067
515, 0.0674
312, 0.0675
387, 0.0677
109, 0.0682
177, 0.0682
587, 0.0683
409, 0.0684
670, 0.0687
23, 0.0689
305, 0.0697
310, 0.0702
588, 0.0702
676, 0.0702
648, 0.0706
361, 0.0708
54, 0.071
295, 0.071
501, 0.0712
478, 0.0714
527, 0.0714
651, 0.0718
702, 0.0718
153, 0.0719
655, 0.0721
226, 0.0722
511, 0.0722
229, 0.0723
766, 0.0723
148, 0.0725
170, 0.0725
288, 0.0727
114, 0.073
160, 0.0731
168, 0.0735
337, 0.0735
13, 0.0737
255, 0.0738
569, 0.0739
256, 0.0743
657, 0.0745
620, 0.0746
626, 0.0746
100, 0.0751
445, 0.0757
47, 0.0761
446, 0.0761
209, 0.0762
599, 0.0762
668, 0.0762
390, 0.0765
559, 0.0768
34, 0.0769
299, 0.0769
37, 0.077
166, 0.0777
428, 0.0777
479, 0.0779
30, 0.078
1, 0.0781
112, 0.0786
645, 0.0786
689, 0.079
705, 0.0791
578, 0.0793
424, 0.0794
192, 0.0795
89, 0.0796
742, 0.0796
681, 0.0797
751, 0.0799
413, 0.0806
664, 0.0806
560, 0.0807
285, 0.0808
720, 0.0812
183, 0.0814
29, 0.0815
420, 0.0815
714, 0.0815
757, 0.0815
696, 0.0817
369, 0.0825
708, 0.0825
491, 0.0826
458, 0.0829
250, 0.0835
157, 0.0836
745, 0.0836
27, 0.0838
142, 0.0846
443, 0.0848
220, 0.0849
213, 0.0852
566, 0.0854
632, 0.0856
260, 0.0858
543, 0.0858
609, 0.0858
291, 0.0859
659, 0.086
327, 0.0862
623, 0.0862
200, 0.0863
435, 0.0867
90, 0.0871
506, 0.0871
409, 0.0873
796, 0.0873
241, 0.0878
547, 0.0888
171, 0.0889
259, 0.0894
361, 0.0894
557, 0.0897
775, 0.0901
510, 0.0902
161, 0.0903
760, 0.0905
145, 0.0907
596, 0.091
637, 0.0914
792, 0.0915
418, 0.0917
548, 0.0918
7, 0.092
91, 0.092
66, 0.0926
219, 0.093
399, 0.0931
525, 0.0935
444, 0.0936
184, 0.0939
182, 0.0942
96, 0.0944
284, 0.0944
315, 0.0945
725, 0.0945
144, 0.0952
465, 0.0952
597, 0.0954
28, 0.0956
660, 0.0956
81, 0.0962
244, 0.0962
468, 0.0962
453, 0.0976
546, 0.0976
489, 0.0978
202, 0.0983
776, 0.0983
640, 0.0988
574, 0.099
188, 0.0993
322, 0.0998
579, 0.1
684, 0.1002
405, 0.1005
204, 0.1021
348, 0.1024
340, 0.1037
661, 0.1048
653, 0.105
89, 0.1052
97, 0.1054
134, 0.1061
786, 0.1062
206, 0.1067
651, 0.107
221, 0.1075
128, 0.1077
770, 0.108
103, 0.1083
545, 0.1087
68, 0.1088
11, 0.109
440, 0.1091
660, 0.1091
754, 0.1092
297, 0.1093
365, 0.1093
272, 0.1099
727, 0.1099
601, 0.11
109, 0.1103
313, 0.1106
711, 0.1108
43, 0.1111
240, 0.1111
462, 0.1113
389, 0.1124
419, 0.1126
9, 0.113
285, 0.1131
12, 0.1132
402, 0.1132
28, 0.1133
771, 0.1134
1, 0.1145
700, 0.1145
174, 0.1152
267, 0.1152
536, 0.1175
30, 0.1176
420, 0.118
520, 0.118
362, 0.1181
524, 0.1181
422, 0.1183
630, 0.1187
540, 0.1189
123, 0.119
350, 0.119
783, 0.119
202, 0.1198
33, 0.1202
353, 0.1202
612, 0.1202
434, 0.1208
337, 0.1209
71, 0.1213
684, 0.1214
180, 0.1215
490, 0.1221
584, 0.1222
60, 0.1225
35, 0.1229
160, 0.1229
319, 0.123
600, 0.123
29, 0.1231
637, 0.1237
164, 0.1238
399, 0.1238
15, 0.1247
681, 0.1252
626, 0.1258
438, 0.1264
415, 0.1265
787, 0.1265
790, 0.1266
284, 0.1269
13, 0.1279
403, 0.1284
768, 0.1291
459, 0.1293
335, 0.1294
378, 0.1305
748, 0.1306
390, 0.1307
597, 0.1315
330, 0.1321
58, 0.1324
456, 0.1329
460, 0.133
266, 0.1333
628, 0.1333
436, 0.1336
568, 0.1343
649, 0.1344
493, 0.1346
159, 0.1349
136, 0.135
554, 0.135
247, 0.1353
687, 0.1365
797, 0.1372
525, 0.1374
710, 0.1376
280, 0.1383
305, 0.1383
495, 0.1384
215, 0.1387
431, 0.1396
627, 0.1396
512, 0.1399
380, 0.14
241, 0.1405
491, 0.1409
253, 0.1415
74, 0.1421
188, 0.1429
709, 0.1434
457, 0.1438
254, 0.144
702, 0.1443
118, 0.145
639, 0.145
11, 0.1451
225, 0.1454
441, 0.1464
448, 0.1466
115, 0.147
233, 0.147
478, 0.1486
131, 0.1494
176, 0.1495
249, 0.1501
244, 0.1507
602, 0.1526
751, 0.1526
653, 0.1533
71, 0.1534
190, 0.1534
350, 0.1545
767, 0.1547
10, 0.1556
395, 0.1556
177, 0.1559
39, 0.1563
63, 0.1567
676, 0.1574
392, 0.1579
375, 0.1599
497, 0.1614
761, 0.162
752, 0.1622
544, 0.164
92, 0.1645
636, 0.1651
347, 0.1652
438, 0.1652
524, 0.1655
413, 0.1656
763, 0.1656
104, 0.167
19, 0.1674
250, 0.168
186, 0.1681
755, 0.1681
462, 0.1683
99, 0.1698
419, 0.1708
85, 0.1718
178, 0.1727
206, 0.1739
492, 0.1749
325, 0.1753
204, 0.178
504, 0.1785
599, 0.1795
633, 0.1806
757, 0.1839
110, 0.1849
730, 0.1852
713, 0.1866
294, 0.1871
649, 0.1876
790, 0.1884
505, 0.1916
118, 0.1924
607, 0.1961
287, 0.1964
669, 0.1968
85, 0.1972
107, 0.1972
34, 0.1979
549, 0.1982
677, 0.1991
515, 0.1997
381, 0.2025
69, 0.2037
610, 0.2046
60, 0.2051
78, 0.2053
597, 0.2053
476, 0.2055
525, 0.2068
157, 0.2071
200, 0.2082
589, 0.2097
552, 0.2132
529, 0.2144
294, 0.2149
500, 0.2179
789, 0.2204
536, 0.2221
164, 0.2229
643, 0.2264
779, 0.2269
32, 0.2354
563, 0.2412
37, 0.2435
367, 0.2442
365, 0.2446
127, 0.2459
519, 0.2507
129, 0.2566
176, 0.2603
581, 0.2605
646, 0.2605
719, 0.268
82, 0.2695
431, 0.2708
72, 0.276
63, 0.2844
756, 0.2902
184, 0.2919
320, 0.3097
533, 0.313
90, 0.3232
472, 0.3256
537, 0.3317
657, 0.3322
457, 0.3343
715, 0.344
96, 0.3625
288, 0.3661
44, 0.3844
220, 0.4066
676, 0.4237
383, 0.4376
674, 0.4465
262, 0.449
398, 0.4566
494, 0.4612
628, 0.5229
646, 0.5305
359, 0.5377
418, 0.5577
691, 0.579
479, 0.5796
166, 0.5822
170, 0.5824
283, 0.587
256, 0.5918
653, 0.592
679, 0.5971
316, 0.6024
179, 0.61
68, 0.6245
666, 0.6282
744, 0.6315
501, 0.6383
542, 0.6437
748, 0.6531
367, 0.6694
763, 0.6876
708, 0.709
491, 0.7123
49, 0.7134
101, 0.7165
775, 0.7227
756, 0.7258
519, 0.73
332, 0.7422
296, 0.7575
222, 0.7624
1, 0.7845
11, 0.786
541, 0.7905
491, 0.8023
569, 0.8114
337, 0.8183
423, 0.8218
76, 0.8263
536, 0.8504
258, 0.8632
482, 0.8662
94, 0.873
502, 0.8792
308, 0.8802
17, 0.8847
288, 0.8943
584, 0.9022
607, 0.9128
613, 0.9177
421, 0.9203
357, 0.9261
2, 0.9339
209, 0.939
187, 0.9439
617, 0.9455
443, 0.947
193, 0.9484
299, 0.9534
91, 0.9656
427, 0.9686
499, 0.9687
387, 0.9691
70, 0.97
510, 0.9794
547, 0.9927
631, 0.9972
786, 1.0003
436, 1.0112
574, 1.0312
76, 1.0382
173, 1.0457
672, 1.0549
0, 1.0709
415, 1.0763
736, 1.09
169, 1.1017
725, 1.103
38, 1.1036
338, 1.1062
163, 1.1097
235, 1.1349
254, 1.1378
609, 1.139
132, 1.146
442, 1.17
390, 1.1714
485, 1.1831
644, 1.1895
777, 1.1932
734, 1.1947
460, 1.2032
726, 1.2036
714, 1.2055
526, 1.2096
347, 1.2254
59, 1.2277
231, 1.2308
703, 1.2323
21, 1.242
158, 1.2494
139, 1.2551
169, 1.2597
18, 1.2736
675, 1.2824
347, 1.2958
133, 1.2972
321, 1.2985
694, 1.3177
204, 1.3572
535, 1.3601
404, 1.3917
0, 1.3981
318, 1.4104
742, 1.4201
313, 1.4324
249, 1.4412
170, 1.4669
115, 1.4876
751, 1.4896
86, 1.4924
236, 1.4999
611, 1.5087
670, 1.5153
493, 1.5366
68, 1.5423
490, 1.5481
430, 1.5501
529, 1.5529
208, 1.5539
114, 1.5665
696, 1.574
546, 1.5754
291, 1.5768
672, 1.5775
296, 1.5835
413, 1.5895
61, 1.5967
702, 1.6016
2, 1.6208
515, 1.6224
781, 1.6229
647, 1.624
280, 1.6377
278, 1.6417
287, 1.669
471, 1.675
605, 1.6793
515, 1.7114
101, 1.7158
282, 1.7168
72, 1.7196
192, 1.7285
755, 1.7309
198, 1.7333
433, 1.7379
495, 1.7453
93, 1.7488
3, 1.7535
75, 1.7579
357, 1.7602
111, 1.7678
724, 1.7683
108, 1.7811
264, 1.8073
774, 1.8112
109, 1.861
711, 1.8636
68, 1.873
217, 1.8886
221, 1.8914
674, 1.896
605, 1.8992
25, 1.9042
644, 1.9082
29, 1.9154
66, 1.9217
412, 1.9305
645, 1.9385
483, 1.9588
534, 1.9636
224, 1.9698
771, 1.9762
616, 1.9787
773, 1.9936
575, 1.9937
583, 2.0022
690, 2.0125
580, 2.0247
799, 2.0394
772, 2.0431
354, 2.0507
60, 2.0568
32, 2.0579
769, 2.0667
517, 2.0857
429, 2.086
310, 2.0996
521, 2.1219
180, 2.1256
288, 2.1329
677, 2.1401
265, 2.1429
430, 2.1477
194, 2.1495
311, 2.1516
722, 2.163
36, 2.1729
49, 2.173
662, 2.1874
96, 2.1968
443, 2.1999
133, 2.2056
234, 2.206
6, 2.2124
535, 2.2124
307, 2.2275
357, 2.2282
700, 2.2319
298, 2.236
257, 2.2429
439, 2.2443
428, 2.2565
434, 2.276
448, 2.2782
452, 2.2812
28, 2.2818
655, 2.2892
306, 2.2961
673, 2.2991
652, 2.3079
766, 2.3162
362, 2.3226
67, 2.3539
402, 2.3552
110, 2.4079
127, 2.4097
92, 2.4249
678, 2.4447
553, 2.445
675, 2.4526
447, 2.459
791, 2.4691
551, 2.4741
784, 2.4783
514, 2.489
157, 2.497
563, 2.5431
315, 2.5715
711, 2.573
733, 2.5748
603, 2.5763
466, 2.5859
390, 2.5937
707, 2.6001
603, 2.6031
484, 2.622
708, 2.6247
337, 2.6293
222, 2.6516
631, 2.6574
657, 2.6599
642, 2.665
196, 2.6743
210, 2.6833
147, 2.6875
189, 2.715
104, 2.7253
765, 2.7888
217, 2.7915
48, 2.7927
714, 2.7936
644, 2.8047
719, 2.8091
620, 2.8329
76, 2.8386
12, 2.8421
158, 2.8423
118, 2.8844
748, 2.8927
62, 2.8988
518, 2.907
409, 2.9185
337, 2.9324
73, 2.9433
552, 2.9479
797, 2.9479
76, 2.9592
72, 2.9662
265, 2.9892
715, 2.9903
395, 3.0076
390, 3.0138
777, 3.0284
206, 3.0398
246, 3.0735
48, 3.0805
565, 3.1004
339, 3.1043
51, 3.1056
740, 3.1082
706, 3.1253
26, 3.1277
389, 3.1339
176, 3.1389
536, 3.1484
103, 3.1552
517, 3.1669
215, 3.1727
681, 3.1927
625, 3.1932
12, 3.1947
114, 3.198
63, 3.2026
197, 3.2068
455, 3.2399
215, 3.25
46, 3.2569
78, 3.2651
414, 3.2676
191, 3.273
232, 3.2946
675, 3.3237
650, 3.3242
261, 3.3267
674, 3.3267
331, 3.3269
632, 3.3373
328, 3.3402
460, 3.3416
164, 3.3474
192, 3.3584
629, 3.3618
501, 3.3626
15, 3.3716
463, 3.3761
293, 3.3858
284, 3.3903
609, 3.4013
690, 3.406
237, 3.4078
454, 3.408
481, 3.41
445, 3.4357
642, 3.4392
484, 3.4495
687, 3.4512
408, 3.4558
449, 3.4728
490, 3.4796
322, 3.4833
643, 3.4872
37, 3.4884
787, 3.5124
679, 3.516
257, 3.526
261, 3.5293
98, 3.5414
264, 3.5471
583, 3.552
686, 3.5522
452, 3.5596
370, 3.5625
348, 3.5672
318, 3.5759
778, 3.5898
9, 3.6015
259, 3.6108
654, 3.6295
246, 3.6318
37, 3.6408
699, 3.6468
236, 3.654
260, 3.6559
43, 3.6573
133, 3.6607
761, 3.6753
362, 3.6779
555, 3.6788
89, 3.6825
350, 3.6929
516, 3.6947
482, 3.7
724, 3.7022
111, 3.7283
602, 3.7344
70, 3.7373
259, 3.7393
346, 3.7409
509, 3.7425
198, 3.7555
329, 3.7563
780, 3.7665
94, 3.7733
218, 3.7822
715, 3.7907
560, 3.7909
13, 3.8007
483, 3.8009
125, 3.8014
326, 3.85
202, 3.8509
415, 3.8556
312, 3.8622
741, 3.8667
124, 3.8686
356, 3.8808
661, 3.8939
681, 3.9167
212, 3.9246
371, 3.926
19, 3.936
754, 3.9384
42, 3.9405
789, 3.945
533, 3.9452
462, 3.9695
687, 3.9745
474, 3.9879
198, 4.0258
98, 4.0596
521, 4.0646
629, 4.0812
294, 4.0871
736, 4.1078
325, 4.1135
339, 4.1264
428, 4.1417
594, 4.1513
537, 4.1543
232, 4.1599
578, 4.1623
201, 4.1916
370, 4.1987
436, 4.1996
378, 4.2006
133, 4.2331
38, 4.2427
6, 4.2457
515, 4.2471
402, 4.2481
256, 4.2487
414, 4.2536
363, 4.2738
547, 4.2977
116, 4.305
473, 4.3199
455, 4.3276
644, 4.336
242, 4.3394
542, 4.3438
763, 4.3472
141, 4.3707
671, 4.3745
796, 4.3763
614, 4.3807
624, 4.3846
106, 4.3849
500, 4.4035
430, 4.419
700, 4.421
793, 4.4219
203, 4.4245
589, 4.4367
393, 4.4484
183, 4.4559
129, 4.4765
32, 4.4861
395, 4.4911
265, 4.5212
345, 4.5231
590, 4.5237
102, 4.5245
300, 4.5288
54, 4.5373
286, 4.5384
613, 4.5814
647, 4.5858
576, 4.5874
257, 4.6022
309, 4.612
392, 4.6139
310, 4.6268
667, 4.6471
316, 4.6488
695, 4.6524
68, 4.6527
49, 4.6661
653, 4.6676
253, 4.6736
727, 4.6756
466, 4.676
766, 4.6774
317, 4.6792
235, 4.6815
486, 4.6824
712, 4.6885
553, 4.6902
24, 4.6945
407, 4.7037
101, 4.7059
98, 4.7082
526, 4.7127
156, 4.726
526, 4.7296
119, 4.749
778, 4.758
569, 4.7586
448, 4.7602
369, 4.7719
715, 4.7721
182, 4.7865
348, 4.7888
556, 4.7896
55, 4.794
121, 4.8126
225, 4.8232
493, 4.8415
693, 4.8561
326, 4.863
90, 4.8772
375, 4.8809
501, 4.8822
127, 4.8883
209, 4.8883
174, 4.8929
288, 4.8965
529, 4.8985
522, 4.9016
367, 4.9593
447, 4.9728
547, 4.974
324, 4.9792
160, 4.9817
235, 4.9864
524, 4.9979
761, 5.0157
20, 5.0159
299, 5.0314
5, 5.0325
623, 5.0392
565, 5.0406
225, 5.0461
109, 5.0462
385, 5.0591
738, 5.0815
636, 5.0875
411, 5.0935
785, 5.1073
174, 5.1601
69, 5.1928
31, 5.2008
4, 5.2061
686, 5.2116
585, 5.2119
398, 5.2215
381, 5.2264
658, 5.2323
34, 5.2358
636, 5.2503
590, 5.2664
523, 5.2668
163, 5.2774
185, 5.2816
779, 5.2948
737, 5.3088
249, 5.314
458, 5.3366
342, 5.34
49, 5.3472
161, 5.4007
179, 5.4108
450, 5.4351
602, 5.4352
68, 5.4396
142, 5.4515
149, 5.4638
641, 5.4649
154, 5.4691
637, 5.4929
655, 5.5107
120, 5.5144
365, 5.5153
530, 5.5229
378, 5.5318
781, 5.5361
146, 5.5394
254, 5.5566
515, 5.5796
99, 5.5864
244, 5.599
619, 5.6042
257, 5.6098
77, 5.6119
391, 5.6328
488, 5.654
726, 5.658
189, 5.6581
750, 5.6685
13, 5.6693
26, 5.6702
222, 5.6729
668, 5.6737
522, 5.6757
209, 5.6795
17, 5.7061
258, 5.7113
524, 5.7234
265, 5.7238
509, 5.7247
556, 5.7348
92, 5.7411
403, 5.7474
697, 5.7597
204, 5.7712
643, 5.7817
309, 5.7913
349, 5.795
75, 5.8067
772, 5.8067
66, 5.8111
521, 5.8121
497, 5.8321
215, 5.8493
601, 5.859
499, 5.8699
798, 5.875
71, 5.8795
73, 5.8823
607, 5.89
72, 5.8962
382, 5.9076
99, 5.9121
668, 5.9479
699, 5.9541
146, 5.9582
206, 5.9658
191, 5.9671
274, 5.9823
373, 5.9976
230, 6.022
104, 6.0325
153, 6.0332
773, 6.0357
176, 6.0498
611, 6.0596
531, 6.0675
263, 6.0749
224, 6.0859
599, 6.0998
456, 6.1018
421, 6.1254
525, 6.1489
76, 6.1617
488, 6.1654
765, 6.1685
217, 6.1747
459, 6.1853
734, 6.1935
698, 6.1968
227, 6.2203
616, 6.23
340, 6.235
53, 6.236
418, 6.252
433, 6.2556
171, 6.2629
288, 6.2658
45, 6.29
400, 6.2961
498, 6.2976
222, 6.3018
1, 6.3099
246, 6.3229
263, 6.3272
396, 6.3274
773, 6.3443
695, 6.3447
166, 6.3476
6, 6.3505
569, 6.3534
668, 6.3581
45, 6.3626
584, 6.3651
464, 6.3657
769, 6.3719
72, 6.3737
195, 6.3935
350, 6.3972
685, 6.4036
416, 6.4125
306, 6.4247
95, 6.4267
602, 6.435
140, 6.464
578, 6.4644
697, 6.485
250, 6.4881
531, 6.4897
728, 6.5082
701, 6.5122
217, 6.5146
409, 6.5252
485, 6.5513
463, 6.5556
78, 6.5619
131, 6.5699
383, 6.5776
269, 6.5818
218, 6.5982
70, 6.6023
598, 6.6109
250, 6.6251
351, 6.641
445, 6.645
709, 6.659
749, 6.6707
453, 6.6756
194, 6.6887
533, 6.7109
141, 6.7311
547, 6.741
32, 6.7557
1, 6.7586
463, 6.7602
618, 6.7629
3, 6.7639
442, 6.7667
592, 6.7856
644, 6.7923
539, 6.7954
630, 6.7992
722, 6.8046
773, 6.8236
167, 6.8462
762, 6.8484
594, 6.8556
433, 6.8564
336, 6.8583
246, 6.8823
695, 6.8846
741, 6.8881
16, 6.904
476, 6.9045
382, 6.9143
57, 6.919
264, 6.9424
621, 6.9474
627, 6.9558
527, 6.9578
424, 6.9602
784, 6.9654
375, 6.9691
631, 6.9723
596, 6.9911
297, 6.9919
787, 7.0007
43, 7.0057
155, 7.0353
348, 7.0356
211, 7.0374
289, 7.0396
629, 7.0628
670, 7.0629
570, 7.0738
34, 7.0827
114, 7.0851
767, 7.0861
705, 7.0892
538, 7.091
646, 7.1068
297, 7.1112
781, 7.1211
710, 7.1239
50, 7.1318
525, 7.1325
36, 7.1485
173, 7.1526
281, 7.1593
382, 7.1729
406, 7.1733
732, 7.1812
509, 7.2075
443, 7.2238
669, 7.2247
147, 7.233
149, 7.237
466, 7.2444
490, 7.2482
266, 7.2658
416, 7.2712
631, 7.2914
50, 7.2941
686, 7.2946
220, 7.3002
672, 7.3004
423, 7.3011
591, 7.3045
712, 7.3153
292, 7.3305
573, 7.3308
595, 7.3316
513, 7.3321
84, 7.3398
524, 7.357
152, 7.3609
481, 7.3667
628, 7.371
20, 7.3763
734, 7.3949
388, 7.4028
210, 7.4332
33, 7.4422
372, 7.4491
51, 7.4679
365, 7.4799
493, 7.4836
457, 7.4885
81, 7.4903
632, 7.4992
326, 7.5123
112, 7.5256
459, 7.5333
549, 7.5516
458, 7.554
437, 7.5586
294, 7.5727
444, 7.5882
554, 7.607
75, 7.6092
620, 7.6102
332, 7.6273
693, 7.6449
295, 7.6602
762, 7.6614
709, 7.6751
368, 7.6898
248, 7.6948
347, 7.6979
574, 7.705
523, 7.7104
525, 7.7121
131, 7.7253
588, 7.7348
13, 7.7449
662, 7.756
229, 7.7591
529, 7.7664
680, 7.774
581, 7.7791
439, 7.8075
690, 7.8102
535, 7.8254
42, 7.8388
292, 7.8424
791, 7.8477
724, 7.8484
427, 7.868
442, 7.886
626, 7.887
103, 7.888
94, 7.8897
398, 7.8989
234, 7.9063
245, 7.9242
709, 7.9306
695, 7.9349
304, 7.937
464, 7.9401
611, 7.9491
418, 7.9611
675, 7.9726
518, 7.9757
189, 7.9795
59, 7.9847
279, 7.9907
26, 8.0147
116, 8.0457
772, 8.0465
212, 8.0548
686, 8.0554
182, 8.0555
248, 8.0566
105, 8.0623
581, 8.0689
286, 8.0871
678, 8.1273
597, 8.1538
41, 8.1589
649, 8.1607
492, 8.1609
768, 8.1681
139, 8.1824
479, 8.1958
282, 8.2064
763, 8.2338
520, 8.2443
126, 8.2462
766, 8.2473
386, 8.2601
235, 8.2629
451, 8.2646
177, 8.2896
59, 8.3077
239, 8.3102
25, 8.3121
312, 8.3161
40, 8.3203
222, 8.3538
361, 8.3653
188, 8.3698
200, 8.3702
488, 8.3924
555, 8.4049
420, 8.4166
17, 8.4331
544, 8.4362
291, 8.4453
322, 8.461
729, 8.4661
136, 8.4681
495, 8.491
557, 8.5355
673, 8.5383
356, 8.5397
590, 8.5421
404, 8.5485
247, 8.5532
226, 8.5564
662, 8.5628
520, 8.5639
168, 8.5699
639, 8.5718
190, 8.5869
203, 8.5884
12, 8.6262
615, 8.637
693, 8.6382
187, 8.6422
618, 8.6481
49, 8.6493
44, 8.6537
759, 8.6607
399, 8.6681
614, 8.669
519, 8.6756
194, 8.6796
543, 8.6847
612, 8.6952
4, 8.6992
184, 8.7106
571, 8.7229
59, 8.7276
346, 8.7334
789, 8.7376
216, 8.7535
172, 8.7546
342, 8.7642
442, 8.7655
368, 8.7926
764, 8.8036
426, 8.8204
769, 8.8379
394, 8.8483
258, 8.8485
475, 8.8503
320, 8.8527
227, 8.861
634, 8.8823
360, 8.8875
206, 8.8938
30, 8.9145
428, 8.9391
178, 8.951
770, 8.9515
674, 8.9724
767, 8.9765
375, 8.9784
143, 8.9896
217, 8.9899
744, 8.9928
541, 8.9943
659, 9.0024
11, 9.0026
516, 9.0053
520, 9.0133
341, 9.034
470, 9.0652
466, 9.0796
721, 9.0974
39, 9.1044
692, 9.11
46, 9.1123
690, 9.1136
457, 9.1319
546, 9.1539
15, 9.16
184, 9.1785
28, 9.189
17, 9.1904
58, 9.1977
281, 9.2006
799, 9.2108
465, 9.2163
333, 9.2167
154, 9.2541
493, 9.2619
678, 9.2681
407, 9.286
112, 9.2876
110, 9.2904
144, 9.305
645, 9.3063
26, 9.3112
407, 9.3132
629, 9.3299
771, 9.3359
215, 9.3395
512, 9.3505
612, 9.3631
727, 9.3802
173, 9.3881
520, 9.3886
222, 9.4273
106, 9.4433
128, 9.4489
357, 9.4498
380, 9.4513
543, 9.4517
279, 9.4563
230, 9.4619
253, 9.4622
654, 9.463
317, 9.4679
576, 9.4761
465, 9.4768
172, 9.4893
335, 9.4928
332, 9.5064
675, 9.5169
456, 9.5292
278, 9.5406
321, 9.5416
229, 9.5468
692, 9.5496
376, 9.5591
375, 9.5607
264, 9.5751
655, 9.5812
566, 9.5991
153, 9.6066
115, 9.6161
561, 9.6164
436, 9.6175
445, 9.625
494, 9.6316
207, 9.6359
448, 9.6421
630, 9.6428
785, 9.6525
160, 9.6571
178, 9.6632
117, 9.6637
101, 9.6643
273, 9.6663
9, 9.6795
451, 9.6833
174, 9.6963
615, 9.6967
249, 9.6983
704, 9.7134
383, 9.7161
355, 9.7251
747, 9.7392
90, 9.7425
418, 9.7457
239, 9.7652
492, 9.7779
601, 9.7953
714, 9.8022
351, 9.809
707, 9.8227
504, 9.8362
570, 9.8376
104, 9.8432
760, 9.8438
725, 9.8504
288, 9.8517
582, 9.8528
261, 9.8608
649, 9.8805
150, 9.8945
764, 9.8992
104, 9.9
489, 9.9023
397, 9.9069
48, 9.9126
487, 9.9135
489, 9.9231
26, 9.9347
477, 9.942
724, 9.9473
602, 9.9577
149, 9.9616
89, 9.9778
652, 9.9809
138, 9.9814
394, 10.0124
215, 10.0192
379, 10.0539
739, 10.0841
498, 10.0929
437, 10.0964
166, 10.1028
633, 10.1068
570, 10.1172
392, 10.1185
353, 10.1357
599, 10.137
738, 10.137
261, 10.1376
794, 10.1499
623, 10.1603
546, 10.1758
59, 10.1776
575, 10.178
322, 10.1851
735, 10.1884
110, 10.1997
274, 10.2117
132, 10.2169
358, 10.2234
519, 10.2261
758, 10.2347
562, 10.2374
785, 10.24
696, 10.2423
255, 10.2432
354, 10.2476
568, 10.2503
654, 10.2506
44, 10.2512
544, 10.2513
624, 10.2514
321, 10.2624
695, 10.2626
276, 10.2758
288, 10.2834
450, 10.2909
786, 10.293
502, 10.3081
785, 10.3133
324, 10.3141
283, 10.3278
338, 10.34
701, 10.3421
326, 10.3443
328, 10.3631
589, 10.3634
682, 10.3672
374, 10.3744
786, 10.4161
140, 10.4281
49, 10.4569
444, 10.4681
453, 10.4841
656, 10.4897
253, 10.4966
31, 10.5126
193, 10.5207
552, 10.5259
609, 10.5293
97, 10.5417
762, 10.5433
734, 10.5479
478, 10.551
2, 10.5559
348, 10.5562
42, 10.5699
593, 10.5942
33, 10.6002
98, 10.6024
582, 10.6075
233, 10.6097
662, 10.6138
763, 10.6208
328, 10.6365
434, 10.6379
389, 10.6381
757, 10.6384
623, 10.6399
565, 10.6729
436, 10.687
420, 10.6899
131, 10.6907
575, 10.6938
205, 10.6941
485, 10.6942
448, 10.6951
554, 10.7027
164, 10.7049
413, 10.7175
131, 10.73
345, 10.741
606, 10.7466
572, 10.7547
359, 10.7755
463, 10.7816
183, 10.7989
526, 10.7991
324, 10.8134
21, 10.8334
793, 10.8426
161, 10.8571
477, 10.8608
575, 10.8679
782, 10.871
679, 10.8842
159, 10.9093
540, 10.9118
326, 10.9145
322, 10.923
762, 10.9467
725, 10.9615
348, 10.9625
79, 10.9938
334, 10.9943
143, 11.002
422, 11.0036
105, 11.0066
553, 11.0136
607, 11.0328
140, 11.0377
256, 11.0504
456, 11.0741
360, 11.0846
193, 11.1051
673, 11.1074
389, 11.1114
645, 11.1275
747, 11.1426
299, 11.1446
26, 11.1534
438, 11.1562
230, 11.1608
779, 11.1735
117, 11.1789
352, 11.1988
138, 11.2015
251, 11.2252
537, 11.2255
776, 11.2337
387, 11.2376
457, 11.2408
175, 11.2432
75, 11.2471
681, 11.2574
726, 11.2674
222, 11.2917
92, 11.2927
361, 11.2975
441, 11.2982
656, 11.3003
239, 11.3226
44, 11.3282
554, 11.331
598, 11.3329
64, 11.3569
183, 11.3705
366, 11.3809
65, 11.3839
11, 11.386
587, 11.4299
429, 11.4325
516, 11.4553
779, 11.4606
77, 11.4646
678, 11.4803
342, 11.4948
251, 11.5238
629, 11.5345
56, 11.5396
290, 11.5447
747, 11.5572
76, 11.5574
325, 11.5578
347, 11.5645
150, 11.5737
26, 11.5769
328, 11.5775
29, 11.5907
725, 11.5912
505, 11.5979
444, 11.6347
448, 11.6449
587, 11.6683
748, 11.685
679, 11.6851
174, 11.6937
86, 11.6941
458, 11.7363
514, 11.7379
95, 11.7384
266, 11.7448
15, 11.7635
585, 11.7787
712, 11.7789
535, 11.7954
455, 11.8066
718, 11.8217
487, 11.8409
334, 11.849
177, 11.8565
344, 11.8594
84, 11.8621
61, 11.8687
249, 11.8698
610, 11.8726
506, 11.8882
725, 11.9007
489, 11.9148
546, 11.9299
307, 11.9305
267, 11.9323
125, 11.9405
127, 11.9428
256, 11.9688
437, 11.9836
635, 11.9851
510, 11.9921
327, 12.0107
784, 12.0109
762, 12.0114
769, 12.0264
495, 12.028
451, 12.0327
670, 12.0379
279, 12.0674
203, 12.0678
670, 12.0724
311, 12.0834
74, 12.0976
590, 12.1011
764, 12.1094
19, 12.1137
268, 12.1273
350, 12.13
753, 12.1403
2, 12.1605
350, 12.1791
630, 12.1848
207, 12.1857
91, 12.2012
571, 12.2104
774, 12.2336
72, 12.2569
469, 12.2588
688, 12.2774
661, 12.2813
352, 12.2952
198, 12.3121
676, 12.3339
206, 12.3346
491, 12.3396
750, 12.3408
525, 12.3461
361, 12.3492
260, 12.3544
52, 12.3704
117, 12.4041
3, 12.417
119, 12.42
39, 12.4403
104, 12.4819
88, 12.5204
721, 12.5406
183, 12.5599
376, 12.5605
657, 12.5764
358, 12.5787
640, 12.6014
233, 12.6066
569, 12.6391
425, 12.6683
142, 12.6769
582, 12.6889
763, 12.7027
799, 12.7165
177, 12.7172
463, 12.7277
354, 12.7363
471, 12.7387
311, 12.7518
345, 12.7552
180, 12.758
532, 12.7632
322, 12.7665
742, 12.7721
642, 12.7868
792, 12.7879
670, 12.7988
71, 12.7989
117, 12.7993
463, 12.7993
601, 12.7995
471, 12.8077
114, 12.8096
772, 12.8265
677, 12.8308
416, 12.8569
542, 12.8729
263, 12.8897
405, 12.8983
695, 12.9001
123, 12.9098
251, 12.9116
592, 12.9194
778, 12.9299
642, 12.9466
538, 12.9491
62, 12.9507
499, 12.952
112, 12.9674
696, 12.9687
318, 12.9773
118, 12.978
571, 12.9827
702, 12.9997
704, 13.0047
526, 13.0195
171, 13.053
338, 13.0538
371, 13.0655
126, 13.115
350, 13.1154
162, 13.1264
470, 13.1281
397, 13.1304
619, 13.182
56, 13.2004
443, 13.2014
764, 13.2076
151, 13.2093
8, 13.2287
231, 13.2394
550, 13.2444
423, 13.2527
607, 13.2537
556, 13.2626
125, 13.2696
217, 13.3012
145, 13.3138
509, 13.3249
232, 13.3254
694, 13.326
654, 13.3294
104, 13.3366
612, 13.3418
203, 13.352
319, 13.3667
701, 13.388
121, 13.3884
791, 13.399
403, 13.4097
322, 13.4222
14, 13.4829
546, 13.4943
796, 13.4964
144, 13.5044
478, 13.5132
162, 13.5243
146, 13.5277
636, 13.5383
155, 13.6056
399, 13.6104
430, 13.6217
259, 13.6352
634, 13.6555
777, 13.6617
484, 13.6795
352, 13.6803
555, 13.6982
125, 13.7081
722, 13.7084
649, 13.7134
362, 13.7143
256, 13.7151
163, 13.7304
226, 13.7471
327, 13.7538
666, 13.7823
708, 13.7986
275, 13.8067
294, 13.8172
412, 13.8176
170, 13.818
244, 13.8365
357, 13.8589
764, 13.8697
646, 13.8754
668, 13.8834
100, 13.8998
58, 13.9111
504, 13.9168
104, 13.9199
764, 13.9223
570, 13.9283
532, 13.9303